TMD    Strain      a0   a   b0    b
TiS-2  -0.005   3.4168639386075634    3.3999150000000000     5.9274514585058373     5.9253062679662092
TiS-2  -0.01   3.4168639386075634    3.3828299999999998     5.9274514585058373     5.9320114615985844
TiS-2  0.005   3.4168639386075634    3.4340849999999996     5.9274514585058373     5.9202382854733706
TiS-2  0.01   3.4168639386075634    3.4511699999999998     5.9274514585058373     5.9152539251455529
TiSe-2  -0.005   3.5545235569907923    3.5367275000000000     6.1491883701851178     6.1664761165096467
TiSe-2  -0.01   3.5545235569907923    3.5189550000000001     6.1491883701851178     6.1754073989376446
TiSe-2  0.005   3.5545235569907923    3.5722724999999995     6.1491883701851178     6.1399913786884435
TiSe-2  0.01   3.5545235569907923    3.5900449999999999     6.1491883701851178     6.1329277890521467
TiTe-2  -0.005   3.7566987404618399    3.7382150000000003     6.5031616976141366     6.5108539560604974
TiTe-2  -0.01   3.7566987404618399    3.7194300000000000     6.5031616976141366     6.5202628606003357
TiTe-2  0.005   3.7566987404618399    3.7757849999999995     6.5031616976141366     6.5015370731922335
TiTe-2  0.01   3.7566987404618399    3.7945700000000002     6.5031616976141366     6.4913058271034476
PtTe-2  -0.005   3.9510809317703353    3.9313444999999998     6.8433778766358149     6.8494057139389195
PtTe-2  -0.01   3.9510809317703353    3.9115889999999998     6.8433778766358149     6.8585231586409137
PtTe-2  0.005   3.9510809317703353    3.9708554999999994     6.8433778766358149     6.8307004707438743
PtTe-2  0.01   3.9510809317703353    3.9906109999999999     6.8433778766358149     6.8199863739316156
ZrS-2  -0.005   3.6873775353380038    3.6689629999999998     6.3827300427823213     6.3955738272308817
ZrS-2  -0.01   3.6873775353380038    3.6505259999999997     6.3827300427823213     6.4028194381625498
ZrS-2  0.005   3.6873775353380038    3.7058369999999994     6.3827300427823213     6.3806054796228189
ZrS-2  0.01   3.6873775353380038    3.7242739999999999     6.3827300427823213     6.3736722323815336
ZrSe-2  -0.005   3.8068282914652367    3.7879649999999998     6.5901340014186527     6.5963347850168352
ZrSe-2  -0.01   3.8068282914652367    3.7689300000000001     6.5901340014186527     6.6035595374296454
ZrSe-2  0.005   3.8068282914652367    3.8260349999999996     6.5901340014186527     6.5827072592401628
ZrSe-2  0.01   3.8068282914652367    3.8450699999999998     6.5901340014186527     6.5720333316147981
ZrTe-2  -0.005   4.0072348796903370    3.9869649999999996     6.9393812473884688     6.9482713597370775
ZrTe-2  -0.01   4.0072348796903370    3.9669299999999996     6.9393812473884688     6.9562294716658748
ZrTe-2  0.005   4.0072348796903370    4.0270349999999988     6.9393812473884688     6.9360352636744436
ZrTe-2  0.01   4.0072348796903370    4.0470699999999997     6.9393812473884688     6.9289630894259249
HfS-2  -0.005   3.6230235240219022    3.6048850000000003     6.2757751077565773     6.2794844981426667
HfS-2  -0.01   3.6230235240219022    3.5867700000000000     6.2757751077565773     6.2867497792794644
HfS-2  0.005   3.6230235240219022    3.6411149999999997     6.2757751077565773     6.2694513713322513
HfS-2  0.01   3.6230235240219022    3.6592300000000004     6.2757751077565773     6.2632577961293041
HfSe-2  -0.005   3.7509080715925549    3.7322449999999998     6.4932565851382043     6.5008678268984346
HfSe-2  -0.01   3.7509080715925549    3.7134899999999997     6.4932565851382043     6.5090882978801465
HfSe-2  0.005   3.7509080715925549    3.7697549999999995     6.4932565851382043     6.4861566227942884
HfSe-2  0.01   3.7509080715925549    3.7885100000000000     6.4932565851382043     6.4776742126951792
HfTe-2  -0.005   3.9754819446624472    3.9556224999999996     6.8838983501440847     6.8928024167151083
HfTe-2  -0.01   3.9754819446624472    3.9357449999999998     6.8838983501440847     6.8999554565797636
HfTe-2  0.005   3.9754819446624472    3.9953774999999996     6.8838983501440847     6.8842854581333750
HfTe-2  0.01   3.9754819446624472    4.0152549999999998     6.8838983501440847     6.8782045325151957
CoTe-2  -0.005   3.5494447222462431    3.5316529999999999     6.1681361004089146     6.1734034103550846
CoTe-2  -0.01   3.5494447222462431    3.5139060000000000     6.1681361004089146     6.1844562413252557
CoTe-2  0.005   3.5494447222462431    3.5671469999999994     6.1681361004089146     6.1484978478479526
CoTe-2  0.01   3.5494447222462431    3.5848939999999998     6.1681361004089146     6.1328138541939969
RhTe-2  -0.005   3.7330733325402226    3.7144344999999999     6.4777321633645295     6.5021210935176450
RhTe-2  -0.01   3.7330733325402226    3.6957689999999999     6.4777321633645295     6.5208331671320696
RhTe-2  0.005   3.7330733325402226    3.7517654999999994     6.4777321633645295     6.4654799111046826
RhTe-2  0.01   3.7330733325402226    3.7704309999999999     6.4777321633645295     6.4515479860959992
IrTe-2  -0.005   3.8227058870245703    3.8035865000000002     6.6191658918457863     6.6372764381977785
IrTe-2  -0.01   3.8227058870245703    3.7844730000000002     6.6191658918457863     6.6465939230647173
IrTe-2  0.005   3.8227058870245703    3.8418134999999998     6.6191658918457863     6.6040339164626056
IrTe-2  0.01   3.8227058870245703    3.8609270000000002     6.6191658918457863     6.5920799345106600
NiTe-2  -0.005   3.6949035704221549    3.6795100000000001     6.4285464406009973     6.4315163037660064
NiTe-2  -0.01   3.6949035704221549    3.6610199999999997     6.4285464406009973     6.4367304236975107
NiTe-2  0.005   3.6949035704221549    3.7164899999999994     6.4285464406009973     6.4156663677744854
NiTe-2  0.01   3.6949035704221549    3.7349800000000002     6.4285464406009973     6.4043773436875355
PdTe-2  -0.005   3.9641289496100875    3.9442795000000004     6.8656156786825555     6.8789311250600402
PdTe-2  -0.01   3.9641289496100875    3.9244590000000001     6.8656156786825555     6.8854520177157372
PdTe-2  0.005   3.9641289496100875    3.9839205000000000     6.8656156786825555     6.8528681664950994
PdTe-2  0.01   3.9641289496100875    4.0037409999999998     6.8656156786825555     6.8415878164250588
PtS-2  -0.005   3.5168596302229229    3.4993155000000002     6.0901274143379265     6.0991929657480917
PtS-2  -0.01   3.5168596302229229    3.4817309999999999     6.0901274143379265     6.1080889592549701
PtS-2  0.005   3.5168596302229229    3.5344844999999996     6.0901274143379265     6.0817928939490447
PtS-2  0.01   3.5168596302229229    3.5520690000000004     6.0901274143379265     6.0738748827818787
PtSe-2  -0.005   3.6783025510696623    3.6599085000000002     6.3726233099290415     6.3754160406627403
PtSe-2  -0.01   3.6783025510696623    3.6415169999999999     6.3726233099290415     6.3841585695969645
PtSe-2  0.005   3.6783025510696623    3.6966914999999996     6.3726233099290415     6.3585625174385072
PtSe-2  0.01   3.6783025510696623    3.7150830000000004     6.3726233099290415     6.3498008730254520
